4585678575444664657755484487474765685868564464648477334634677633774777445565554564566663374463334345637686687585655668586884757558768854765555744864876
4644868687588578545767674845846574678586486754447555575453477355655557364344765773676677547346655573366368648488857747865576558546767464645778568845856
5676476776687458756887585447885847886685444556375575655654344477735456345565737774733345667634337656573665375445747458447468666475665767585785667565447
8654586647567656488886447758555748748875884637357567544334536355677334743755356433373747575464667373645755564685884758757766565776755848688668555547475
5847467485766585684875775756887664565774774374535573554753637533577654337446536657433657546473374457345677346356544556888478655675845464767578664748465
8564548876775648454887655685657487478764735763545547655733754464464776476563375364745634346453367535436365366433674444884665854445544485757576586785577
8678544758774758764568674765587644567653346456365567753774477755577766446346674335474454453346665473456663747575465478764585646855487668575586464474554
8568566477448848546867874675778585555533375747567356744365743656756753536647375474676433563636336755743337337667644765748488475556558487874487778667476
8474646854658787776766887545764476664573573736556337774333357547455556534111111157776367335553356533777364346346544634857868454666876586847565844775686
6657885877566547645845456447676557774367556577773344555635353436345361111199999113344456475773576634336464675546374367635684688744654548657447568765478
678455478744454545867448478464673467566475434675735647443367467655655199911S999915473567473735465573367777734643535656377755484854756548444648846668677
4784447766846565675588554586733743664537334667433753644435365654334351999999999913374567645477773366557355746465764373564477688588776455574665658857548
6647467768664578544864558877563556544356555576736574735366746634655431999999999916733537676644356647443567333735473476366433667588686856457456665786857
8574678666746677457457875667575364363734453356776375436636356563446365633999999314557575453343464743456633744344376765557643575857576886578785464758677
7457467857478657667556485347367554634337554533776674435446454757644757575599995313434535766555755466734476357576745357473743454874478688487857788764668
4858865758446475476484874774544446774543666536453636334477764357447343345774377444764573574433366336475377365345575553746355735555446645548766645857845
7645466864845557766455677454574657446347677476636573374677675653536356765475536456354764447475376477353757536476456454365436647678848548667665767745567
7778568775768447465575535466436334333555755633456544437664743756533773337445444476357477655563645744737665735337333565367375455734444587574686756487877
5887568567874864858746477463764467545645563543754343667554373577637743745634375343346574774336474664536577367653735655475365477436565788864458644645447
5454775487854648478357754363745773636464745756546763643365536644475336443677374373464756465757567664666337575776345634373635747536364554764485878577864
5474488855888585855666646754734447474777736557754377747545535736735375337343455447637365744657333744664544434356744354663666444633456488864866766868566
6785546658548777866553334777333447553645674744456644435776357346633663776535756363375543373445435467333777646535533563764364357573477448876745458778847
5786767574657776655535753447753345557537443665333375374346646454735746653765674354537553537356764537466453647464766654357373673643553768467885774555474
5744866464488677756746535374643776674664633453677433467356374474763525356553565332653563535773734756777454347437537677557356644674667573768674467677845
5468767786767755546435776744543556476773366576556456466476547343445365253365633425232244336577655445544455476476447654644645733354635553775746465846884
8678875675888536443763433353447335766555563644334675633546333465234626333235636645342645355247345764674335333444566673457673336746353477384857475875656
4755684788568354346356664474337657333445735656637543476556564554644563253365462655553425624665557465437653556563755567545356466554466776734755475685745
7667546478744675635543376544656646744347745735743777645425253654364653554353235664322243433262263634543633666653465454656655755373733477673868875487845
7677874565443334447547563643763563574467556763637762565642463644324526456543342553262434233263234542744636574655436535657475656577774645663478554744475
8765444666674447635655566766545553747557653666764622546644333544353636323452256255322256334655363646346456656646744353457333677553474677375458668545558
6545768856475535746737464466657635664377757677454565335645634424552563654245244266564364234545655454433453766675777464635736755645577365456356845864846
8655844567657556755375734355455637476463373543662522323536424434656356354244622466652545244665325342354424757566773573755434754434467543474436577486657
8875784663473355434664375366437555655464333354544243326526252542325363424662263455434546264566554433636522443636534353346446663676575373566346487865477
6845854855754357334553366357346354475536564463524523644622225226565432663326325424263465666332346234662466625553557437456344536336357633577776484758446
7685574777637444755745735677466574747467534534233262526422543663545622255326636255462454532525523433546455462756455335536374544465647373753755568476845
8765674356377746653364744566535473747366455426243344645566245563224622654333636325266644522325562622623636266444667455755446676467566555667646654484748
5754865563563665347757377636677334656653626332632223535646236625522453653423353365563642252542325223523666333236774455537347775544637543336375465548656
5745773354756775353743553457543343555753666332643536352535456425562456652624325552633223532356452425566234235463777736545646673755374566765667476545645
8488646736573534634435347563766457335444634233555354535525654352445346223455634426432252455262526635424534233556275756445543744443475753733747373744475
7785873766776335454367667433437535377566432352522643534234555345525663356632254562532652636256333553336636626225363436545643776535753357457555733544657
7546467346566363653334733566563344762655664233543656265434345226225355226325234342565326224443654435434342344653466653575454756733676536367466737475647
5487345574474533376436566553554657665663543246662666234436542536234244322224224656444456236622452665243432254346532643355734475673536766333674665745446
4773566376746546563355657345373765266556533353652545654545342542623625252566223635532426662552363264623663223422645557674544335554776564364343547475457
7447354575437536664775456337366755443352366464252432265454236434334456344253556245546456544566662362336656666436645663754734436555676657447476544576555
5533656653535673476766547667663766243245435325623352663363656244555333543325346635566453623562262564526553556656452556337543745354656664364734634747584
8874544557574777646674653444664532452523642526332252255263226645224252336366535255352253442222623533346352543625624422647534535657565364477554676476668
8577773667447543464337633533646443262556242235364365555532664555266233622546233643665646352462243565226632244242444424253673435466344476375637376577777
8366666777563567566657547433352624662523455666455556225534364462443443453653626236544532666345524522623656232662243355464345633547446554676745776777334
4536336374446533777354773767732264446333463625554542453454236264563435452562262326665325662433232442356423342336633646643644753753536467664475775747748
7364736376755464573733577735526522345423332424426354524445554323646626232354444543464363453426222446325234322564462243465364344347576677437457333477734
6745735366573343445666364554734542564334562343644343432535252535634555325433454523554463542444455565252432324545626465535357565447756657747536466563375
3435767773635747477467764373434554625235244253433536355225244255355524552434525553255235343345565563365442462346456353434245575345775744374375635367755
5566745733664773476655754374353243534266546343432265333326365622322345525344442455424434255563625623554564446636223654232333535337744376744656573463655
6555537334373774743344365656466365362454356452456325454233534234435344452542443443345342236254524625354244636364265226444655576446664356555665376335777
3477646737565445457574365556236435535362326636222443326334232454444325354542332343245253244452232525426444462364636543455226746744363537455337657766346
7744755534554334435533737453464652452532462435452535266466543234524233222442242334324425344432344323653564242343665324463266633336477535676377646373533
6575457736473364754543464663256322562656362566543465563425442444253522532344452553553244223534455654243564243255625635432452456343435345377654553467764
4543546747646435565553444634246244235254235255266334366255422553425323554232432325322445422442435544263666663544524524664526535577747633334477435467333
4365764534463477756646775545242332554546326466665534662253553244535555423424433433534334534333242434622554422553322543346225335666657465365366667444473
7335463347775465355666457654532223333336356364655562434544423225343433222224352254445255252453525423626466562335252335444644536377746635573536736436645
7346466654657363375535774423324224634354622523355452565232522253424355335255335552423352522454454364434223554323322432624552645774663357634535635647544
5644633357736457674657764533662222566634234655242422543345245433344253434225555245542523243435235346436252236546444452564642656655655654476746664735757
4747455536377667645676442553265644253533456463536543354545234543345452453445252333533435324334534352446663555546546355354564464477533376637735356765566
3574643446467534553635335623455454254223365244522266425234344254554545435324552443332325524225452243526352232452335453255252623566636555673557557536455
5434733374737757557655333236533365556536665543422635552425452255552334545555435434553433434433332334632322636644256226466544234577467447573544453364447
6375645576347655554544564644442322656435366453445425543325425234532244422423242524225325334432245552552623563424543335434623432467535464364773665674455
4473643767643743666537543335252552322365653646424423442542544553433333523424534452335534424422434422565556623352646566244454222246735776475566434434343
5677757355347675645674366562653246635636223362456454235544355543535224532554522322353553355525335455353634563332243356334326324273664357567537554337434
7745743775737554673537433242233434265243434543663453343534344353543353225454223345532554422323444242422346664655525553526645225343456766374756556346545
7633366666373457544673733565352353422525352645354534254245525333534254552532323454423455432522422252456564466242432453466423222646377453465673633456555
5335546533644446546353746453235245626525256263653325442524454235234253224322434353334423253332442533525244325563353366345226425276456654574436667747763
7577557553565367555456332456236422652363623563243542555354334454333443555325524343554522452423552535532462432352424636445423232475463436777664653373636
5364733476464674673744443544425546443256665236523433425432552553244323255555232554344253555532452434426634242553455535235423452343564533557337746775747
3464355675656555736465345562554424426555226233263543442325534253444224324422455533435543233254235424456654232634633365526536442547367645754673777536455
5447453345573337554645355466625256253234433422622543435452232554542325245235244353345324344555224343542626336244622563634624536345646775365363553764656
677434777364767635535625266434446645453622542423554453545323335545244542225@335434552452245454342542453323264452343656242262434654546553775775363754443
6553573746677366554366655232545234655323526634652232523323523543322542335599953435235433343343444253453364522532325426535346662335765773537474766433465
7645633375573445766347736464545542363266325225436252424322255252333344322499943442555355234534525324254555335244242536225423262244545575756445433563534
4465676466447346673667425652245324263233366322352545325425232542222543345399925433532333555222225522242552556236652435442342533677777477756675766376374
4374453443776447756346362654633552325322434642362532552334335233455555323399932554554455435544344442346266245365533634565232533637437667575677364446343
3446345374646333437443356434234356622224266464264253453552354254333242225599932543224423434442444345443646635654224353662666245644645743357464375564643
4673467475545666466373446256632433422222354244252524343325522423245552323599952325244323534534525325562464643343262562524623323355656373765744364747677
3666376675334434445777363634665435643665544432322224234435334425342324525299922232335432333552355444262536355423354233353532326466775674655356364377436
7754446457466454666773633222444522553426443432646352352344432324252342434599925333245333535533533325526332366563666265435545243363444353767637375757346
6477365444733444634655724364352445323423262263263265444542443454435255432499925524424444545245542434225352662356455642653545446665355546346663556634475
4354336367476334665637324234425223424663663655625453252443533452425434532499954354455352345435254432443344235534464635662325332237744344336565645557634
4757747577534546735465335546436532644623225443656242432325455452434525555399943233523343245354432333232622645255563456224632642334653563643756474735465
3436535737673635455735532344443344323622253224326536343322255233242343245299934343332454332235342546635343662666424354542325355566544377474455337453676
7673374754677364373745653523343266324443445453436532523343452223355453344499953243244525353334233556452365523534344322255366262653665663434467565636365
3536447666653343566557573242325255263545624662262422633534323223522525333399944253425352435435445325433433532432234663653653234774337344357636367337573
4534633564363736735743375565353225636435666365364542532534223423545224333299955342533545242444353243256334363334254644366262324337347643354336336334433
6636447663356537535537456642352643363622452563336363552232243354344554224399952535234553324555242643662455233324222363455364624377356444556434574735537
6434435435554665757634454426252624452222242323363435563324524454545335544499925434355323245243542224553426566452525532535252667773733365737356763334664
3476763775444434444636346554362524453346362356652442366555342353423435535499942242423334223335422645533265535246256534566322343744457657763374534474733
3634576467537647544335654346453533342525342356556625464652232232435535333399943234255543524453552564334653226363633553234364277437575756663473577454566
4633354337745663363635756546534453534434323565353335624436454425234524343499943552222532235435255252325235324535256333545252363666645776644555454463677
7764567454575763335553375345223652356563324236365663435546633332242443344499944322552425542456334353535365662222624434326344364546667364735363675366755
6566576736567546743537753766653356665262452265424255544366643344432434234399922543533433453222522522246223344353443365244436534735444434466775357344757
3437477664437436576556734435346636445534532644632224663553644554453434525599952454555533346662246523453464354653644446626225343575657564463365447334337
5756467465554657345534374376325465223633564635362322333366362442253253254399924425332534565366622465446226642565626455443323365667373556647443474676646
5634743564774466733534566433562465352252242255354335353522525326544533454299924542222442533253543525222343234353234536265664647463775774433664544454773
5354747554445376454747535563654534346632626433232325222623424622354462345499925236362253452356462362424454445353263555353633663333576376536464454464477
8664575746365773635443563356464663444662532633226455224236463633446255454399932446645654356452235636624625325263544356662436454573577665655457446337738
6547435743365633544646456457662526332235565535553632352625623255462345635399965656624453422423564363563326264554362635435667367765367476734373356343754
7636447737357464543774336575676565542536434252265463355646424423543526464499934654462543435232224264444426665456642332467333656744464554357747674363558
6675546746364375764633355446665333364432224465242662564536244655544625542399945532424344346544322425663442653426645542373563554475776543634776346775458
8854537555733754475464764735465346536425524354665534366434454445343642453599924262464465654622555443545362356563353545567537355343445555555573745744574
6854335577774774333657755566573664626556425354622456233425424426324452222699963254333542436645254236253662366362423556543357334745346373646537363577447
6656333437746635453767474355766676444554434223665242452463242264565366342499924453254224333443323426644643442246556467553744347535765446756356734554764
8454346764663355444544346363543755363252364324426325522334456564662462422599944326555546643636544266463645563635345434643666456567653554673563453477444
5464766455664554375467735673646434556464236442332562256363323256536365646499945646335325565455342366425245656333352756677736647355353565446677636434445
5557434336736435554475346547766477356552446456326654632666434666623322366299953636264342643526455556355445445444457347373553437764643344573646354674855
5775866567353637355566643637474557577625646334232462324655344344525625645499964343663444324332536345422545532335456435444575434634363755667336777546467
8446546373336477643763535645334346456775563455454323353354244564555265262599953236543323543325562543224324442246737577347356435344373476466767346745484
8654445566647467346773353656535744335575466246242443266253553343564356625399923446664243645434554562242424623224467676655636774763773443554573663747745
6648454654335775544667634366356373567674543566362323365546246453266456433699952644454442436656562535635323226575663766456476666537565353774556774455448
4877656373446644443635637436563533737765742343465525462564343563263565665299954365233354663646545345644633554557545457775577755754556437574357458477446
8445465474454646574634466566764565564463334462446552254454622366254354523399934525245555455243556636246254466477465775476536343447737374755673367775485
7688854453756636354673463463764656767576446742263445336454453436645636226399954535242446234545224264664423534645437367547333677364737634755774467587764
8654456675354335376565367676774347363446343575346344256522265245652554234699923564353565656235322665522435667637776433377633545634363467675433548564547
7675778745745443457574433747344564445746657345764524532523422363332336244499936536643232366632426543254233637545576563475556457773476667434474446446884
4787745574554753577774443336657657576556376465433565645564623644232553346399945642663526246355342425653556636345475764334457533657477445744366657756675
7558868666875346573747335537336337735735663563455763336542464553345562364499933232466645363222243454746545447456734365667333767477556664763777568667554
4866558655855343754334546653546574657746554573757776654356452265363564455299935654435434532563463373374364357546645663776455656775473377375884656776574
8487845545544753546364477664675356444656434733534543736663256262444635232299966443644542456634665657573556743366443436765556445435633754477568687758584
8446468786745553355733634674576446563664575557466445353333642266353555523499922332623254223655756563375445544453734774757565347775757546566688465668574
4555845564766664344657474563665364733733447335474566335355744252555542533699922454633626565466444556447545356363363346436677743553463556756648476454547
4457868667856474553356756433757734533655753377663647377753343744566343342499945624443457534367764436336465677334533337656736474465657745485566448564668
4765866544754787754647374765333476646436343644374675677366377537566465467699946736373465357556355557453647776465754456757564534643563658845884578468468
8746444675687578634546475356436634676363555747536646753764334655535753446399934576374456537577575765454373464633677435346466766444475375485648446555458
7776644784546888475756644654576767354675357346756477647776776754653336333699947643373553544654743373363646363333546575347445753365755785887445547764764
8854688764485844857374533737336373474366457335356645637753553476567765337499964674466466567447574633344766664657444565436776664563464664654755784745855
7784456687487878777566664637536654353734747433344436473443667436734667474499933337366737573677365335774745755573533536434775653734374568545788777474566
4855855588545446455863775477446457646754345633435735654345557657734737367799973746343467645564736747566755456636466753754664757675546648647665875758485
5755554844667687775654757565637335335367353677634465674735457555345774547399966376443566477735365566763566755764777435435365566758686574477477658686477
8576677677666657484468557634773443647555466773633553545755534734667536643799964375776664764474634536354764666464437354656634446487578654586475668555467
5674778546455877488484656755335474663567466565445364535634764653567736377799947375353764657767743743554646464446635744544553437678585778688847765684854
6588746886576474684866564553357637455534367734556674334546576657644646363799954537443753375657536763334476765754654545444634655466684454667765588445455
5576854578585647747788848845357767454476656436763533365546767367767463377499967675467673443355767465544655667435577366746367864884567565586557665785444
5485445758664786885574558858433456333546573756337534366767633764556644746499963473647743365635373677757747533334334636444464876454467656857754886754447
7448846765587575854748778688443457646757346373556467547475635575766473376799957467655345674743777457734374357443346444535866575675658457484757574765867
5877546455784746857574455647645335544663447473454475435564374733457376446699966444746433375453734367463743576366655354646758478847644858846466456487578
7454767746785666446855484484584484556477374563337666575436355467663334745699945663755365765463554364354654553335644754584858764884845655675676576478587
4475676567776556687465568747876645435455473356474437575637644533634347335799943566535436665366643634466354334777573436574646574777544468468748876547476
6447875765858864586568768876586678677635647745537546576335343533473336644699935555377553746633736654746653347774434757858884745867666746548876655754465
4758688465888677687887586864885546647547666744373346676764637363763735365799965637335747463443556363657577736356444454655865757665488756444876756487754
7857576457866574555688444886884787447746337635436744565666547546456635574599946345554545563764553537654557554546885788867678668484867545486487764567565
4645884588767885867455578854546584747746667764644735553446553443543775334399964634573476777634375455554674646784454648878854488686477464556875468874745
8586565864548588784874864777776488464558854645454735463755747645535666773699954334435747644675534775774754454885747686465764568644676767565868687585567
8685667564555574874475578775468746487665657754447655665665347656566376577399977753563755373344674745365564566546648885764868784546775656876487877855788
4575488557544487486855586478684457485645647788744735674645635573734637436799947677646477663356556437555765447484574845488444686658568868867845666647856