9373323165384133637537145835827
8716897379441895784968575496257
1522776443938881124686281884243
4829315343158936982153988264657
3281124248385278547264123974215
9269779535977393739846376671875
7936789143292119284889539298287
9535992697243957919473734215453
7451329229485681556467455853689
5153145644224428484694884837713
9794667665229439721723147414764
9496663445334567366467122517877
7338889229863954533942389674595
2689446229256737512798897271427
3753653373459556717689534826137
948778457887595@158964872278613
7226955726775471558969836122247
5853996249241777355495356444444
4912843436546724757814768129265
4952645449919699985589955327867
5473362466442764212636353232591
5251465886695791114885588446982
8918633183731562454232759322783
3653257382739624624155922633746
7588982531532699716285611588879
5619125335278911578682294842719
3713692864953835827627138666362
3992196189328472195562427682151
1395977495168975474786135972247
4739699959543116965748538243816
8462266817995746975677219662514