43314432647731882457714338451382577187585672358552555788865463852152872216421736167666177757742466233
42511652346318548173887214416155148827278646226473217726884357157253513727575714334224654146232621641
66254817656748761521572352326442278667476151821655223687253674654165442126557644146122433262341641222
64475117535175561721148541245286181125726375387453854167476741232814234523641846713136758576662143763
23812422345663443821856467444216382244176351353643524684512677325127713868783842636123842332642746884
18357311612585327677333232366442177331857245114117712665876214481454716251815336436561215736818233846
87286523148712316763275528166458143823686751168765528752346468422474876152372454272528314438888464273
26358521321211452771618535632457454458437165347473715831785215376411577627837676525283385332577513631
18416563512725668326683311452364277315755847346251152164423212174423512213687844628617425231163257577
37833225666412776822615773284337634813772317424873455373381857755583561852754228451111455242188281412
71177585716114863865515636367471831224834161677864411628586836232865887284136242684343314176268646742
57347713562526137234313148224642653531227179476895875875497754823624358583776551141763527242311577442
16685363456162548585875352647651823148766494496877686944769494551415843342721353137156126255171185714
38875223772317782113482263158333812855577749448554598744944644747857216765344675715127614651668634482
45746476742421514216526771266611188768795844698857489948448946749894846571358385728524344352344122187
47544166535486563526461388648674958548778454499565597867889766957448953645775542481334418838184472281
38756512731857137114727341621667768747866765445564449744755644944798496611123226621153458582566786353
17477745463551661761846667465669754466554689555897886864664599486464745647556225177765175427865717478
47716738738553623643613362574768565947589759894565484854558656475477767575983324232421758667473254355
26616186173357467663367247658486459894889947987544495449899697744696454964792275312227333264647633215
88755417318613181451482168884568967688688888698488474584594584645748659485677418211754544852586822283
28472486232387834243347694847944784467856875675559698579449786975894579788474442824237843114773621724
11725648682731812622276886755985484887559469794765784884757496495646697944874598717356764375134347552
21136345478457136825769966769644758996959559486675546849747977794584497884969554666213371828148371142
88621448284181581525454599488765885456856554845464778787656767658868595586779697827175563286526451317
17127721388671163485456855967968876575654999945884648695745989964544898999848668981686276243455611364
81265636633584711389478467987587589447575959966756447486458595774949649497896887678717785282267553186
63674747564118526789765564767447595988749474646575544645686856449466678677449479665925754185223558812
55167682557848544564478975894476679666974777559488777447484445544644465547665757849663358376854441146
11785786755435618744676769888545489564957594786494996766566496699597448447659559487845752755163666475
48514616483537857487598574885865484655866874974759749985477768744764498895946545995857443875523141857
64635743138423589684685874467759894449487458554588498548576865744947459646494748987565314636456632834
15643214417412787875944756846569667787866467557945544954574458594769978586597775865945572314661446861
24441475256311856478498746995497888474595748798774546794775786549445497799968846445649976837564243848
63417535586636547996966476957684895545575768955467798899667464496956976897695878989999451528832744716
24137463163682579764778894486867569998548667448765775477876856756578869759596896986458656741761236547
47875138722418864465869564676887468898767994789787494687855697458545595888865445759874946146442587772
51314442446356484597557469849885597646586489787899565795564964557949499855686554645775564515683731441
34376861562734477555446869496669989658999986498899864445754647955587854486778776698596994817356756161
58764515871487747877577874545659548889977764688478978876865769464646555775675758764958859572286631418
64516617262888949948647766669899758769579859865848969498755849679579497797784865799795475864881381553
77154136524777598479594896895647749467657658485459665664699459959999488847898664798749984643658533477
84252715364699776744665467764587875587784949769886968945765755467595946485574844699898454762441622252
34428122278696577685955668684576949867994647546565699959848674777949764895566576684669945695521388188
61254541413687788899874689486759898995997755765546878467584494856878778975667656984559545883431434724
75668728241868548866579969969456446864847794596788554988667696885887789698669675799888965974422345781
13124344565658587459668947458869485654594769584678979559746549559968997498489974489789759651882484616
68236587772745484569666669846995888974687677694977784846496489995498867486969784966857484761237774215
48113587762879967996959657489996556964948554744546895685974685965774486574694778857656466594345223353
56684782652576989878949959464898948469897777747675558874649544959766455799667469768559685886575137641
47237724215646695669665849899445797559586474454584@77457988896884477764795856658786877757565415616415
82475288854986969799489466495649755864649965549744857545578476896588674744869488675848994597534542825
78374347615994995875754897586594459484999958698966959956675745695558686794646565758956568581262313474
55154812745945546749785788594487658689868757559647688876697655659876899988555644595567986663772848287
13431821527765964565786498845655968898586887577764867777879484766978949664679799764856784475187422128
37288628552759795974545447948948957864966757884867867677496786476676666895578584998549995766478272843
21574547688945487799559544448898688995589485477955756864789746574479975767667889465749469774134531425
75321728146795477498899454556486448984675766749596594495885775974987775747445988455869747871341611244
73211365767578848955867479574448445849479846594789986854695489457878978694999554798775978456138721416
83837347228588776759589866479564795968599454868459557947845677486564467677978868878487577635164444387
21438727232785785867945649875565665549787697685984755995599696766886756877697886896595987826265582485
33835173165244455946989644586769557649959765776879694855498964779549656566564578788486445975528417364
31354823778668496694565595654547459699648778879887877647556984655468556655868946958847877663457138877
67565357311455499748997944876579787879968744885647458446478444975754854759665744788688468127455483181
24825237828435766749844496995984559485864476888499889954947958875954996957969744495954884313465765161
87122246118127454859457889644595794845874449478877465775886576846499984778868958989659479482213846148
55551621272572947954845764476774977759589497559985567798749565587978757598998599455889956657817634225
67381588274736577594567859654846748869669469579765679446884887848498597899548864577968547657614585134
34612444542238589899974896694678485698574658477668445578488489448849599497487694748894978348846415241
21238263183674869989597669498485968689574674496586844499688795889795574977976885899447473425752685581
72237267683715574697494654898867577576466745759688478946776487574645748559568445558476746845386284366
15145482171286688758896958496789497844749649769579548886788766484478755898564778498644144775177246824
21724428714428846587977678788946654786674546475958696546656567447485855994976487575642643825134586458
72434117778134634556446988494786477787446869778975596885584596885858687554976849694487656214666888884
68556684714214125884696667865774845885587785697676579548654677658847567957686697789981882688853213314
85623452747232482755586744998844748656846684759449958959868458564674687979667669846153415155345515312
56548828158227763777888868699879576984865965889796757588554764687454557568546979471356426588872474243
61642821481138128214885487854979768476485989989446844744959696846559689977769669687366787576415472527
57364827736621243117794854484585759549984554646895959478556888849947895669469999433267673167215154532
37861288751646238251788876647956545949655796796578747998467869456868655977466664353241868866663827375
38243163278356564185344759465699448464869465985965879954664556444578896948959678264354885267336421342
24856472851648172362223279547964686477979558755754859457987486868856456444676476863786145876548217432
62368755118243153743373686494764769557978448866648447888967998467675659999684428826246681733166732348
12342552618368411287315531676849787967859794447774485865587988687456585786536233718472248318638528745
36625247561553357847828717219998548879666754576486497879998995947588488845635353476571174148236545748
47823485421223584621541163484498989884989879485496468445484678788458879748641421841382142822864865338
65463486612573845748251717564183846885946869649995884466999969699445763262687651141185422134816272785
42868615471646248618752541767573667577486874875564688648865495664854322253671323334785851573426136753
64165764765238566755218721432613153259487596556464955666975778986634756462485764851715373224117335264
72585185424713272235362234388558278216798484745596949679447975551446252111145427327824245572137627834
65371477882618325178654625614364615322268868985799487695649711878586242636318617763488557586775155547
41467572224284285713361616853548623755447343111432838182263477434752118118461785581417735311743518454
41363528213155283651311527218523188682157186247634827367453613422481716488783537557273171168442626231
53687744274737816663155348531464727383156258514513418185574513156785212146136647176477487475152316886
14344758841432255772621725888487363213445375633253246817137634388641611231315185146254731542465414842
22472276131613725118811424188144652861288215146265733344254155162788175166563521418531888184186876762
63537664812853838517518128611733822314667374466888241656645827217658181566844117147676534174674125882
11475333843351511577655458455435215431664425624228112815566656528621671575332586664862413528651856284
32148327814234723667788346877716861367377246821165642787518852782883168455161576845223866557416787663
42216755158763134124132476637445521836621683371676631832162268513268247742125451224766713213457831614
34151561363365114444125838831578453856677815538664168513323355533161755871545858761631886611362146415