99999999999998697383256356991495565488604077093631654882182732584545952907215636534475567646135231477120533890863585085055358366729239063799058388305720009947238798178673368058
99999999999963834992870542610686311449513050802487676606331411579392004180435188579294606989480352023686356412657415592820946514893673361694113270818875784330946154750058854422
99999999999995919999179399184951350533278145019912195833350311502889259988125447666010236537548187773481130100962884305856505370373536929026799253028407445933765752261547435983
89999999999999999999999996817409755854765142927967322865795671670235901384792257436137117728769999947967694467281376961573056065678145689604429847284939644240716062199091530614
29999999999999599999993513004949286132425222846111550476642700067608153406875240039999999107999999995711599999988892798110149698601454521393195800348491928239905926279715621349
23199999999934799999995070598855117193363719812418699965735474158991188757322525259999999999999999999999999999997351569997445278822516287266544268390658262033718357984771204097
79999999999922347499901238454633663321993071975220135349640850638285161599999999999999999999999999999999999999999999999999814107638466759039588178373666987056319225527725801056
24499999956622711067144347146025485556576452834746171117465218469978380059999999999999999999999999999999999999999999999999972147994823588579181602845754392535130677273395726432
71999999923484048945198246913371763782171257776008790033075308280399996999999999999999999991098899994358299999999999999999999497159670561112336823268179542740376027112025182886
59999999941655728547359267710413009581222376984361112269842887999999999999999999996951099999756319999279379999949999999999999999999999936585687472164803573666917913214642652437
99999998338667718355598227189342315400476377906125811150600174686999999999999189999911621647798918990093185969660955999999999999999999475742403235558668150191225172963239075329
99999992649993099936765667650828100218092508864270072216449811747999999999863939265564576485243252629821528298815675999992999999999999979489947769584816646025117096447944385562
99999999999999999592241766430037728277054097975507427121809999999999994999937444890813384380373148185803378287499586599978581499999999999975243858281085247015061672811911002130
99999999999999994705051418227650396086028299633073221833989999999999949732450810612933602552986692198525693187586999209590416499999999999999999929776032407394528584157977584645
99999999319999996137274572735829089023159691790347312932859999999999991835207849444981886275738768074359886933652733612641547999999999999999999953769352198928235969990471014497
99999994114166119166872047641402569282981380494137354586999999999995711369935008339207614904653022551066124500575745154174780049877822999999999925441181076767592735679542439177
99999994567525357931296881512928508506031687300537952999999999999675586380830338264711155031290700963539527034472721072836573003866553999999999964585699141646288851247673127379
99999927187817953692263244204170576480721454008834499999999999997412830523655996300562906091223998442978605579527286818659775138975223699999999993997359492829854269944530777354
99999949456698171994232747341389885993139059781063194999999999637650375424330571501678347151780318292373087318283329687423172957996739999999999999999999938359592581671024287948
99999923331193680176237311644855233819821602856717236999994283029376729718895699220186210721401290864334445592766829511318428052462683999381999999999999998113629217001216071642
99999979994799930153670484230229933504633602863793999999987729497912417625861778789670299975999745819710575392824017033673158243973236869618579999999999993909779182003171310915
99999949999993553093517366640703110283735640767574999999999162668878020620677223957999999999999999990275678595523575007829228177551359691711196999999999956463961090253872127809
99999999999999847243132652737162000311662440404642699999323694379971001807801629999999999999999999999284822724958991181384757444560202064542783999999999693505119235823316209010
99999999999999316744310843767414192818496797825773799999584813209257537528539999999891003879849899999999920775133847817367624094624355112615099999999999860817499095466741011642
99999919899992622941030318896886185331262922742249999999960203826240706659999988712440835368788603939999999942275676094431132466953182531464899999999999999954222281728081604908
99999991128327356935602846134961281226666414242699999999919316398618814119999161525915501213325906793999999992313323354654928822883669109656161981339999999599999834397594035904
99999912288452937998457618207146343374191494173999999999129645001650622999986150051086718829281624300959299999792942903918181956564522653914675937092999999999999965911971491259
99999990546708160110283308786903591330816556833169999999226952628975985999995115463888884169697141280845399899999553553080774321479534119964563971570699999999999955131692739946
99999965416317996273269467278668189229420157184174999999926003901306639999745036888999999999231281411936674649999821676895633281469886230587419533376599999999999544411773752308
99999916992929999212211065806176425742718739812899999999267463359468319992601398888866716199992713669369586999999929883857697060824878211411111892699999999999996635892979723928
99999919999999463471739859992238076314786429757339999999623705832338749991655388888888835735999637130354728495799999121120751057728962032423404483399999999999957570772171506536
99999999999999994931915629917204414249858293058593729999934385500825649998059888888888884885199992326879875946799999912268541262619303015152400303372497899999999999935965253490
99999999999999983986898320391693775274443492343123499999991081909102293999297248888888888041929993450359692756999999877390472017569148579296636944588947939999992299998913239708
99999999259995901494222750044945327536307021059831999999344490215308216499934899888888888169319993200560702109431999895022943947447721467760201789397512499999999899999941129651
99999999974671374179988678888669770003162553209045999999999169137055342999998223863888886209369999606048008739975999995702676525885402401101329008897137676999999999999996718528
99999999921964469318632703862966554589855496085977979239999979878384719680999999999998814342749995940817854743699999995282622853607471868911348093194497258499999999999994057542
99999999913048797798011681071318658279593997608203944899999925751894958569182688888423205685599997780137196971499999921715832203944184805823914206653093599999999999999943951581
49999999995112026998015940969344152972243677255180453899999999977393303987948342747106258651999948384846860999949399991911642561657593506568959749346231999999999999999254223100
79999999995299911990484853261068236695184206847446545962219999946172779178725038822419258499999904064859985273245999999400587517542837323318509945073601499999999999918678261351
13719999999859999999668962506984549144150451135858890063189999999997809211272964504053545999999798240596239137999999999183370565810911818239283394313467399588999999991882411727
53259999999999999999862708321468897459325859722625926669759999999995199792772976870692999999925764132132283898938999945136510582491566601568304766264739287218419999999998196899
13541999999999999992230639637496416934632679835406953998515897499999999444999999599999999992425571851973232199968999967422399105394721017095566228032777155454941999999999933480
98299999999999734730354411330084109440669976236802405121750515099999999999999999999999961780510686377103642684889999999403392026754290918695304531032499763581961699999999999824
99999999999999997475483822783619514726868774593083312442505575239692899989999999999549613091739769028603560449999999999725663036375066936387365843475797318141411599999999999993
61999999999999998134243549175770874899751975153889660861208388631363907611299229112723921260238336629765225121999999998124117131736272730278292179874723100719291699999999999997
02699999999999999392434799432204612097413407939783064163323237007206773962207511393951339606614023523479111978999999621587964123928119138403453492958594192999999999999999999957
07981969999999999998999999999115776146599678030847899524653185841170972464309523719700321218299135426684479999999999676960904088130443276443760905920595183999999999999999999734
17167791299999999999499999999447759260500678207151447061684161314480366732298808563671545741419225998068499999999999420933775155508274736187412588035661074799999999999994990284
77169999395989999999999999997769273007952339236751733238668203740047040346646849926135764261873715844924989999999999123973447311325444196907677676360813939997239999999975180717
38355496150829999999999998116286576649187254422816718500812980519040855564434975552590845628938131521815199999999992284559163939073322360155052907286482049479245999999979243853
19138929677182999999999999996475534932759824858087101436926107757651710294153021731939884417034711429999999999955198347463439555390661382650531759594422557370982999999606999118
38741536361479999999999999578469424998426849439063654770722723538555659641273733870455128019776986999999999999931227838854016607532613719348262003330969132899354999999643891131
35989174351279999999999999999718999999950229983033808338200997373490286398380728033305437643974299931999999999999998008456141963138219801681115667459096625715489999999654999996
79779670182819999999999999999999999999935792308796446728584016134405007005630295835909318109748974116999999999945538225020232896707126839542132807324737557533859999999999999999
08492220502852499999999999999999999999972158189278230923143654821397025827061044805993642899999992699999999991275663638303354053845222234524414783466881812599999999999999999999
46323197503123633691359859999999999999999026389999927681836867268973372671398197983552979435999999999999963713737042419944028082827764424682093530999370379999999999999999999999
44809559607324933999433681999999999999999998499999994198792211344616666601878824999899912167299999999999776187450759187424963769446659671417757167627156692999999999999999999999
80544763488488453423536731799999999999999999999999950792879999981499849979981214529999999999999999999999896397292182835022574607264630867648743506475805120999999999999999999991
91212565067313804533677153299999999983999999999999994185633899992133235899999534599999999999999999999993438565088924750786481559386005639230161327883312799977399999999999994301
29147229354858129395475331199999999993749999999999999999999999999271540999999999999999999999999929740977920835671808457369180424019079440014447628925834891147355999999998679778
21310760145435128099744820819999999699910199999999999999999999999999999999999999999999999999992373471913407421843437687477250464795576185088919805219687393586364389999999901200
27909488143620382289999966562834999470471999999999999999999999999999999999999999999949999999999997178246179095864311545783412897912874965018944172229388283242562591899999999924
08903544082088865861112247895756499907745799999999993589999999999999999999999999999959729999996183404347114416931978878830488871242291718393034957192492238371636945799999999951
34080989179041103387396293030445629596438479999999989951189999999999987199999999995203174026732410524573659731417669342036521520657200467278002553175921727272539745642999999977
04820218010909529324975937384712608712178201999995952628599999999998982265999999999927128135547752723713805875186031337258634748652873763773518941655485688738031899998999999992
56286697557694372783993145334347992791047375977507993591752999999942750907504989379962259185469331408311742837939121023496373851328910632149588702110979999999109299999999999998
36280164192365944961569009986600093656766163537761999258277661442299492305472182805998722233725629604756521625876469201671277304572024852969812450827899999999976799999999999999
70400155099210009805770250597727489967389277783729297177121215043507752712420030726398649934472110035684585817882024622636478041396998547961826834283449999999299999999999999999
24770117582682421253873221091752044496018817173670602991074558623244446294856328167603950458500573785231172802751818991760184934877979055109273114541359999999999999599999999999
19864327485730309242746629670630610170250040455421298673974699124942223498062332780097767670707151127394014682522365552248752038239276228502428755799994289999998966999999999999
82825221307126006922087267278718835159041047179530486960852019787271159861225691507856411074914267458563906904637240752674968912819648915589474074991499519999841014399999999999
39891378170564868622354176144369381117790580284969609638203393218744228990179388994576632191461271459385470985755490376758217229762197202379999019930319321749930111499999999999