4383442612399526195284194166346553716481111252224122339984646121869918226122591125611476799295941223578795613742789265437642132934214176655885311992322726512932248919428891214365331889981728148318852861
6676513599513767225956142279921767291111111119914213215111111111127181833681728926677693385853461211111151795988378313778684859723111111111114536563181211111111183479244516998387517461637751111111111636
2116111111111711156761111111728124311119452511684656471112111111111186491111111338129828997617843112581115433541111115221381836111197851264585996955911187581911167587111114246111111124672111143878114153
9211111111111111748511111721173177111284522682539858885311126953411171452121111148329513378772687112614194767881447318912463271186746798949255732687117549381951141211128722512673711186662115168881142591
6611192158836911142979111825167886351137652879174448365432119233581168796121698112147591462834135189664964575519876416925231211617683186211117499241921867893461151159585421458411113854155311775374457128
2711242538486959116118841113698388414111448231754587566986371123141188275111427653483933497992414115517426677517675311311222818766841111445855189117261283483111241114971918173877761276765242115347842433
4411128561811113311146899268459657776915984249273471766499524822561128891211143448858512552111213811879392935916174817948599511111111547811118772712321111116113597781111111521811141799791573163148134458
3321111111111111171925281974722225667319795158846111111111899529411954221411118695215144886195488641119171599923445411851681731111471111117111229212179223661117758861297131131125528888926611158581199178
3918111111491461161432374981111111147257727482111111111111118419936287865771211326611395351191276295119186215111186671594181674215895271193216525511585834179859728784556961111117926551934111311111958558
2276433512169882487257472911222222119875291711111146217611111399418181111111111111115362654147696498799478831122192314111835284811151911974189342281156117681697144556511113227171843341511825394511413652
6377694124272611117949939112111111111154332111132947641892416194581111112219845911545647246811148935449196111222193961132765126111118211617196664798711111138783779736111868179642875641116456965323117226
7151713436617111111119727312162924575157691114259574151912451296211111112215487862746111983665159218839711111232173868173323911122114113785133317877511973513289112911837727227735915811674568535681127465
6943916847588116871641156311115862116192576111981332911111738961111716312213597789711121778366537547111111761232182554987711112222111914541853113652411151243683618311931961169585521719822819892328117589
7371111112466111319997217797111127539153652911111111115533443284117938812112375121112221455826511111111496111222111111111111112332183111836661261728711815826647112114111145741543275111281113957112115429
1341111111189592621414355844821111636189144394349531136335371197173727111147841111222321144411111138139595112111111111111964212322125112822189925438917111254439125562558856238411238114829111696682167444
3461172684112422845742525578455967387975994187466551111111435758194759111198911122233321431111398759914361111151496848131191112221198311112191953381688191111111161473526442275528536418872811177961753235
4111111218411614476851551111555121381615358276257111111111111296152141114731112223333221111221111111151111112411811115692911222211933141536571211123714381153462943852293889112172746316947881116111532994
8511161985995152835937111211118198211111111178371111335711121678135211835811222322222211111111111122111221789279911977781112232118548366299621112144621952973755221463561113111111121641726322311151792498
4111438982727611141631121111118838112111112118121219183664111454491966941112222221111119992427723111111121111158143849111112332156356469612111222189711111111167116135119987517311812321459949451644573498
9111187618524519636896121699111385121124811217681111461352311322314576111122211111739952751248434836822111112111138469279912222111111111111122222129211487111114584381753289581111977472655759461834326787
9811116961117685437763111537519648121877631218143111197294695748386111122211117725924133871283534798432868411112111121311111111111112211111223221195611868615311152351314412882225793197419472666472354623
4531116111652298116138911192461415111183491111976351111969882268861112221115363475524111111111111111111368684511122111111111978191911117811232211455451377225631913692411193831244539459428574111111111123
8931111119419498763887586111671485712149851175253629747111856658211222111184839971111154327476711711111115869823112222148931589618871911911232114384331993547231246477559697111156795445379661188827451614
5281431323146111111111313234111557911118782367944139119179996261112221179532374116353886365466235822865111112552111122113134891111126768112222135453998198737261275843731111111618311475739311784692561659
9493123596264111111111123188847755183611169335911111111177249611222211943531381265549664147111154645672941119334883112211738795422941711122211155313427499314841718731111141198684176978896811481253111693
6823686993721111615321194947839424851726155428111111111119311712222119558693313171286791111111951289511111182827811111221116187676111112221117293362484798324219751151159326461489356494242511425396472525
6719644115971119896815174187111111111612291261121763351214541112221189779785189339711111221149792311167364491559211261122211573886111222111114648721113487394665241811117311117766211111412157768558794728
5913411145915111595776291881111131111111117169121865441111441122211219754485611226971122221265598174829186961111112417112221241948451111112712144711411118375445284983211111514438168523113148272937871525
5493416146327511115314328561112769469111156597121143381174761223215992111482816991111223321157344236851988471169311867211221116525789114476828114851322411821992457618713456355431787557711786388657853693
7421121291879927311119838614111161132371112156112171511123711233218621111171461744512233322119913816411224211744911948931222211161582111196449367711175311111474429311111833747817187131114343443111111132
9474161564586146345171132469511112372925234526211113311641612233212126446399119823412233332211111111111966611855173261841123222111111111115585855245143727115671931129621112844311586771134621121223321144
4111179381113745362567115667865211111117148175331158211377812333217581473889479332311223333222222222221997711281577746822123332222222222211196447245314295119382118888456111158414791291185624118387661154
3741111841212515841111119119558574433647251931451577511524712333211861119284514763931122223333333222111111111264821198416123322222222211111324589185488975614981119147718111194762427274734837895355911943
3421157371218518611116574641926758715481111331698236731862412222211111111111572176925111122222222211121112218282193111544123321111111119395326476925768132611196271181112111499162622864197559851287965793
6721188221118716111431375917965591111111211111181689461377712211112579358111114647195531111221111111543712211863938811943123321284225484296624345791154873116756184267111131615275311111111829489967793278
2571161311145471118311928127191111222222222222111133238639812112339143373269111188696972911111764181221112221716624711924123321162393123411111111188811739194177719992211157363111111725211117652978749764
4358116111193872111765111291711222222111111122222111681923311166211163911494391111327344768131145111129912221165418511998123322151765836791354331113248111136951234247716925421118275811979115547693878356
1682711112582423911111117873112222111139635111122221118111115831111999814277419111112159822298388172462711111457531811823123332111277871573169978515886147799456111111116921151193796757441111935111132644
1829844564819249465743891861122221181159416132111122211112211111168738118771539183111119579779748686111111611861852118887123432221176576381879266811175221391111111893611171451489842361111142881121111831
8234931454112225832957228141223211778311111114456111122222218747767931111411136285831111111111111111111116611485821153715123433322119264451672611155165654734158929461741129841552131111983258531356811167
5685844251172411428721782311233212969183726674235673111122211685696297113151576964597531221111111111134642113243111854561123332222211591135371111197158477748184687796111751381599144986651949212671551188
4861417461421611971424274611223212351323162592289865912111111111794213317794716482261111211157395653847571118845116612811222222111111116652613855141211133478119121511124385315282492111111278684443811526
5565973611492111513113383551122211453341111111171162939422469815592719393136366911111121111527114371998111116331139981712232111152311759217628191111112111743811413945754779515238411117611115755244232752
5821854111511111814183673853112221189321122222111176181516241751112983344237111111221111875155151138178711199211648153112332126129371511111111111523122221113757193377865443671395311782894116574792397397
8597955511112118831147361982411222115642111122222111171261722582372384111111122222111126637634248688576671153819971669122332127355751111172811151466123322211122911117141111111179119921881189698879377563
3945714378111122481113281685321112211181511111122222111111111111111111122222222332184136656721111121253751333397988111123332184911111113516311354691123333222118727424111111111117111592298358843811138571
4519311648472936531175111421773811111111165431111112222222222222222221111111112232111111111111112713989511961536728112223432111169788134368115363311223333332211867721162564791117981111961282641114111677
6619191121838582451733711673862296361111111683211811111111222111111111159755711222222222221111476183111123182913865122333332221521178726321194979112222222333221129511855284731113766511111311111185281129
5459551178128274391139111192134293193887724179391223554911111152916478168599611123333222111267651611118311145531911122222222221885166512111279881122221112343322111211382839111192695914374877416985631191
4645569115872131861111119181111111664346277833357638533988137211111111429636656123322211139772111117274411621412112211111111111146915811119432211222211812333332217711533291158963833111117811318764911139
2213519118736111731411121731111111173985811111113578597221193446819911434357941122221117183685111435211149888511122111297642136736269134265454112222111712222223211581411115897811111111111983362811867329
5216958111732621122371617111251711112795611111111962658183237361181114942681111222111841323511675361111693441112211152144469434419857571886311122211129912111123211655579626327111115189131476785439172827
2511677111585937111332711119376211199341611235211754121211113665191168731111222111151962131117785113379125821122115644743511111155434188291112222113984311172123221936719793951111412154794868768625164168
4871124118477116114756928135116812182531591484691166881117577672118477111222211174921745465588511647614812111211146191442345111682251751111222211111888111749123321462328128561112551458968389683111117538
4621811181318114116668561511446711161798635125187653111561744311112111122221118667921162299637119711194311122115881311111116955767771111222221116155991116451123321118624811122111181639796293111141111886
6626349115426611111592121575236111481111111111438539117976181185181112222111614485389111111931313118994111221166827822743568386111111222221111395112431115749123321446942112177761111111116234117856691163
2587592163844161631774688115891194134111111152355521149811113564111222211157492916818812212731111142911122221679115256932111111122222221111699971856911182651123321893711122117752249762361214116967771166
3941965469267664981957755819847615751175111119627481167111147911122221115885385664626112119295351788112222221111111111111122222222211111924957114415111119151223321281112222214729354218393522167242191119
9111782494546375361627828531627618871492812173996659111438889911222211415524131336183121197455762411111111222222222222222222211111115946685671176141111677641233321111222333211827811111119443815371431148
5288311529141532812242162432214191881544612117743536218254821112221117445213512156111111383341111111319431222222222211111111115257497389911113168111112121111234322222222223221334111523771688897599111944
4244351749115137811113191111111462723454211193818716769194311222211328831133397543121111517311112571261111221111111112518618266887382688913318551111898859112234333222111123321199114833261194498326247775
5695251193138197111758158719111154691513611251592841324557112222119693117915911431111293331111183794111111111584322576311742111111111465182416111116368811122333322211146123322174116741479251841183891271
7355551122184112311129443334721161641424213372182511166941122221148771178158124111112939711175526111111114691443595522791111111111111115949111114759781112223322221115875123332137118411176821137261433811
8417111167111111481148494964611496853921297541184328181411222211623311732811376113421411111491211121112228955372581111622653124543612215971119924686111222333221111862286123432179911192476417156811114888
3221711135116917674111134641115888391166654111979635151212232114396112115117611147317311116826111111545239311476383111778892481694712114612945627571111112332211519459199123432136661369715995388519111989
3486112925411116295633111111776412197117919411583661127112322114211145311111111221217711185961121181829416811931611196755415295519111155683918952111114812322112514421119123432171867752491219879195491643
6497324879911196953826852195659151893211981211561731136122321134141432111988475241171111226711211733771177412633112113924246351211117794556133211117282112221182116551168123432167144351111126959169831644
2591948183172454926458718785189811119951191211333918675123321248715998114248662681689111817112214214813634117481175642838321111111897692935733111139381122211336115121163123332161941112378511164334666151
8513165322641858717797111642115111229161173751111138551123321112171115118131469211561116652122117125114781163111478893911111111148878553695611111664411222111652911351113123322166811462336231163915399743
8111733612955922541934632711153311125111113933476265331223321544932493118596753112531216661122135981132461141611171131712936431182491589711111995556112221159845511181741123321178111892996511942767986938
7711278116772832941132899791865781111116284658537973661233321135188874111621531191661219761222196551673171966219534211911144881116111111111177162311122211334364812111821223221293119147251115171752843115
1851631186392494222111156811719722629435697115487682581234321995111117311134111112141215491122112191115281995217149191316339211111111111539444398112222115947192111111481233211693514559667853539111111648
1131111173511389111831111119643415869916834111154311751234321738691114586111119389251115242122112693113741171315879756776391111131486673511121571122221176124411136617711232212164111954224781111175911274
6922963347813781113971412724518585697719141121211125321233321642395113597334731195523113517112211766711791141519991111111111183179651111196859111222111775618911747317412232117879241113473511191631119368
8739679527111524195262617118434181188371311185111541771223321623811113522569572115237111422211211739981111162517411111111322826122114471386811122221165321915611179372112322143952288386844118978431693679
5381591221173191117735136466429861171814269116681185131123321631111137911111111111633311197231121159869211643412897138877849488961922633361112222111266712291211118311122221169441119273311113776511958198
7232244611131611214398111721131861118618219611111117148123321157114524911835211866847591115176112112688225829111842251111111658638337324111222211166792199511111188111222211815111111138411223734497692352
4911481285111111685377312342118611158844849664996361125123322162111653915145786583174697111322811111117864239421424111116541159569215111122221115489473774113718985112222112421117181111911546425991325144
1516838664512845918933211965811111387761453566832891711122332111611127681421236255112797721111257122211111739127976519967895523861111122222111858411133119181326611122221143641148349211591111111187152931
4112289695119598513643319712264461389141111141111118939112222211631139617852117295111475585211111123222211111626918411888271111111222222111126213839511216674272111222211233323182761481952161483541111784
9112374583648231126826113962719931111288349659425631114811122221989153736278811222311188982326111122222222221111111111111111222222222111123689387138111884472281122221113966494114996271129757394711141618
1111947311757921179111116971478389111876982523561895112591112221121133325297911121171111396161725111111122222222222222222222222111111157911299111192411973256111222111488844473115513391124427696413431162
1878593159186178111117523521369114861119487328761111169126111222111967111314861111424181113531247753635111111111112221112111111134725225582811111162111494311122222146446728111118511111139328769137281196
4878351941314141611123463171687751138111111111111172768619891122221123111118791111117382119836811112972497795249611111411189564339971747811111116251111611112222211175426111111481224711972289996245541125
9357231138451141786878881837226315534129682187197341527254466112222111122111766481111111119328842741111111111853698882969211111133415511112111594352328111222221114254111851112921451929868191468398911865
9648681165546181113346531116411185873583111969122346895514786211122222222221111386816111142362126423811441221835611111111111773466211112211129616516111122222111251411938211152721729442831791116943611853
3553762116819519563243223111115249993166711397934111112511969791111222333322221111939353661437411111111111111876129251111211554411112211118259711111122222211153943111886869963824971221883574134281175952
1396164211111549824697714243812349411111111174741193491111316146361112222333322221111186191875539411111111717342897528924511111112222216462511111222222221119137911233587553439553111111134236111111344568
4724111283545393931111111313482778141439111661551343124877647214556411112234333322222111111166498821287331522861956511111111222222333211111112222232211111331613911111134489996111113891141587184678616478
6137811457245976611625771713965576829847164875257779824319481441136926611234444333332222222111111111111111111111111112222222233333343222222222333332119327214432948464592339111118358624626256226111111362
2321281739311835831186952278111513681974984679671621147773119281417659421233333333333333332222222222222222222222222222333333333333333333333333333332131879944343871788967715861119759711118635779112561551
5999151146188821749111188661217256911111111111111111111111111111111111111222222222222222222222222222222222222222222222222222222222222222222222222222111111111111111111111155465111111117747784699112441653
1567751136122146117713111116388194429467311111111111111111111111111111111111111111111111111111111111111111111111111111111111111111111111111111111111111111111111111119111514692786232449271515971198441874
7661411981138317811222836332659918161361583513785838161538876913469479568818198149125685385576869349868298796217598191299234496762972711163631818369152114396245116916654186832545371111111115441141863132
5891119974411948144713737635836919767311681281951111111157711711115243415139261111415487214511111971227265531741258648631111181747661879111143889269242111111114895777111111119388711126337211396184486719
4628295861711111141131761119681285538474117214114787111115611144111119821211111111111182551154161111456275243116184495111111111151684111111111184266211111126111271421152161113143119363263761155112756452
3156469581371781122335221871115951527135121371291213581189119772441132145152396122121811811716334414791816331148115221127595316114511132528345118259811183312483872297355135113729113123937111796987583367
7433118565627238737578818695116411118735311971494399111436161991111844415942196911111366216367573138272881832891118671148969711618361283259934116871112295264723382735348285518324811117119516661244447557
1478162582474489731121865111124731117584115829423962117231631111324678756657111111354611427991486535653831119624911168113286253831841876119392351174112767911628678278354687513669371135261926857357762556
8631858341216936624741168987348938771111185171144817548841881986143396967899716254499213242524465411111196831199154131131414332186757921711181325695234911196644289816851588848154373948349416892111117642
9671567129931147778794911757498198363338419659712867831561497467652876525632829259696487179155637117732111318852285235913581636177264539531111116597171415353299411259817984116889115117271737831151211185
8431173263575172551136631516659111111183811136834911111111181541143111111159957161455131111111157148575871142465163567796153174126294211524672711117341112988418195112655114686913165411251512324262711787
7831425988234158412172511643289274984371111112866248218789711738113291341117383318944258834611138611897768173712695383192974691161987149847228962118499114128661878911191144785191563941461611371837411425
1551194376931632971141115479558734484655531115474926748334111394841129241114528414115715841111921487268623988771941185612527411117175165264168111119952711112111149921111145272511857511232779168945112538
7611111111111579529111196643186211111111149282638651111111916646235711111168512657852111111174793889179684663314111111111299316311111179747778499842566335111126243378727373712545711862819372211111174686