37159,36623,1142
131541,130683,1811
131541,132871,864
131541,135203,610
145332,115947,1705
145332,148109,687
190798,70437,1765
190798,163868,813
258096,138196,1231
258096,141337,667
297218,177190,1339
297218,179190,633
297218,180526,1765
312580,192390,1549
389187,114935,1704
389187,271676,608
389187,272267,1769
407720,96727,1150
407720,137170,1833
454188,142740,1640
454188,145611,676
554169,242942,1552
554169,246616,975
578053,218139,1568
578053,269518,575
578053,270633,956
673281,123163,1456
728283,177932,1532
728283,180411,799
728283,181341,1836
822823,82625,1692
822823,276862,514
851472,111079,1828
851472,113833,946
947055,206701,1480
947055,210475,1178
1045011,304829,1678
1045011,307344,882
1045011,309292,1313
1093852,255101,1561
1178221,339568,1603
1178221,342273,757
1178221,342900,1182
1234837,396122,1440
1234837,400945,1230
1310037,471226,1464
1310037,473799,859
1322956,457718,1533
1322956,488373,825
1420701,555194,1416
1420701,557526,511
1420701,558482,1582
1509101,643475,1701
1578683,713402,1133
1578683,715772,785
1578683,717093,673
1660649,630848,1396
1660649,799046,1202
1703997,673953,1543
1703997,676042,881
1791783,761603,1689
1791783,764969,1564
1832633,802775,1173
1832633,804959,968
1832633,806773,1478
1924881,709680,1758
1947661,732567,1728
1947661,734721,995
1947661,735654,1893
2004864,674802,1521
2004864,793541,1191
2104241,574988,1787
2104241,776511,804
2192260,487097,1609
2192260,667901,1837
2238746,533589,1735
2238746,536119,934
2238746,537820,1846
2336576,434940,1812
2362220,460502,1578
2362220,463221,941
2362220,464827,1850
2411077,509579,1357
2411077,512969,628
2479278,440386,1662
2479278,580415,582
2531330,492522,1798
2531330,496109,1643
2548718,509918,1875
2548718,512769,965
2548718,513693,1998
2628441,589895,1455
2693591,523919,1629
2693591,657247,881
2693591,658776,1240
2783085,434269,1754
2783085,617869,1117
2853897,505189,1515
2853897,508007,878
2892683,544213,1580
2892683,548763,956
2907477,558738,1596
2907477,561005,517
2907477,561950,502
2974781,490659,1710
3073765,391663,1345
3073765,591656,932
3073765,593680,504
3087076,378615,1167
3087076,408609,580
3101628,392967,1472
3101628,395680,748
3183268,474534,1780
3183268,479292,1615
3207317,449581,1899
3207317,501018,987
3207317,503156,1181
3235852,478162,1808
3255294,458019,1571
3255294,499725,819
3255294,500808,521
3345202,547702,1495
3345202,552239,1455
3360912,563470,1740
3360912,565659,707
3412375,511015,1736
3412375,618078,1872
3482038,441619,1479
3482038,582993,942
3482038,583981,1575
3523389,482803,1394
3604793,400829,1471
3604793,566295,677
3604793,567864,1622
3619014,414941,1267
3619014,418827,691
3673978,470028,1453
3673978,471913,732
3719801,515869,1145
3719801,519701,1590
3775423,459300,1588
3775423,573285,521
3775423,575373,887
3849247,385740,1243
3940283,294720,1590
3940283,478801,651
3940283,480308,1106
3997368,351573,1821
3997368,356129,868
4019779,374162,1268
4019779,376533,784
4088564,304431,1620
4088564,446621,1134
4155995,237433,1276
4155995,373834,949
4155995,375414,886
4249714,143553,1666
4289263,183165,1243
4289263,185503,585
4289263,187230,635
4339086,232679,1585
4339086,235993,870
4428087,322043,1297
4428087,324379,624
4521924,227229,1974
4521924,419564,1011
4609157,140131,1551
4609157,317184,870
4609157,318610,1406
4652207,183449,1322
4672490,203541,1709
4672490,205341,766
4672490,207377,1171
4694832,225805,1433
4694832,229826,1665
4785580,134436,1313
4785580,319368,669
4868276,51748,1438
4868276,221258,638
4944531,127703,1591
4944531,130063,861
4944531,131685,1285
4964252,147482,1650
5031639,79185,1654
5031639,217683,561
5031639,219141,770
5109486,157360,1560
5109486,161930,1096
5178401,87750,1653
5178401,228042,829
5254853,164348,1107
5254853,167387,1396
5277628,140635,1900
5277628,188760,603
5277628,190837,1991
5293028,156199,1591
5386701,249690,1803
5386701,251747,528
5386701,253546,1182
5436577,299728,1361
5436577,303763,1272
5496377,239202,1270
5496377,361441,635
5571673,314404,1627
5571673,317769,1308
5634596,377470,1480
5634596,380125,933
5634596,381893,1776
5697355,314181,1298
5735041,351835,1551
5735041,354361,983
5735041,355484,1973
5831561,448377,1405
5831561,451569,974
5886962,503675,1491
5886962,505651,920
5898206,491814,1465
5898206,518880,1822
5964606,557949,1414
5964606,560363,839
5964606,561110,1501
6043360,636715,1634
6097980,691676,1400
6097980,693292,875
6097980,694533,1796
6143410,645364,1692
6143410,741489,1324
6160582,662439,1578
6160582,664727,553
6218586,603719,1521
6218586,725399,1927
6255713,640904,1526
6255713,643239,623
6255713,644542,533
6298067,597605,1562
6352837,542955,1392
6352837,654737,757
6352837,655860,903
6394992,584952,1754
6394992,589830,1490
6431409,621831,1061
6431409,623633,638
6519687,710095,1182
6519687,714206,914
6534536,694480,1350
6534536,726861,801
6534536,729281,1574
6559305,719280,1581
6579462,698475,1154
6579462,741438,822
6579462,742510,1687
6643590,762395,1796
6643590,766803,1263
6701636,820314,1949
6701636,823261,693
6792399,911549,1287
6792399,914578,897
6809266,893983,1576
6809266,930011,686
6809266,932699,557
6825480,910369,1165
6858316,876570,1613
6858316,944737,509
6858316,947029,1520
6947059,965633,1304
6947059,969026,1377
7030653,1049250,1278
7030653,1051615,602
7097454,1116099,1528
7097454,1119166,1473
7148065,1064842,1412
7148065,1168502,884
7148065,1170047,976
7158281,1075153,1539
7256761,1173278,1661
7256761,1175331,570
7256761,1176604,1656
7298030,1131390,1498
7298030,1217883,1522
7362663,1066472,1655
7362663,1197776,939
7439113,1142867,1730
7439113,1147554,1264
7492140,1088901,1501
7492140,1197890,892
7492140,1200330,1836
7585101,1181850,1897
7682158,1279277,1376
7682158,1281336,854
7682158,1283367,1568
7731593,1328452,1451
7731593,1332085,1679
7792759,1266621,1580
7792759,1392051,594
7870636,1188437,1651
7870636,1347545,1763
7918086,1236233,1469
7918086,1238434,649
7918086,1240468,1075
7990990,1161330,2703