5402172400
12928534646
14795234723
19621095399
27168432099
38336048935
43291112791
50870338250
62752359510
63646533627
74903569121
77948202510
81222679111
109324578168
183176353416
215627761890
233516169106
248926313020
618974384721
654435255570
995067246115
1066861989921
1087084596967
1179436288382
1398379470849
1483148428170
1709935624263
1790163236142
1831754065176
1927481739615
2097580996960
2177921995447
2214017326449
2365332671779
2567782311574
2613214575214
3009705341180
3082177121262
3113003781195
3158709503864
3321316128872
3324292169547
3365105088693
3463235476726
3634017702343
3734837573049
4155703649425
4194990989947
4255351389662
4406724379057
4434112362271
4484483682206
4554174514274
4609686999690
4645392871582
4744355451490
4757311153335
4765769954098
4812743269081
4856159071988
4941125799726
4950203348774
5492763225728
5562949650411
5579282504710
5597240955800
5866555280153
5933813217799
6196985730835
6224887685521
6296332065883
6372756100350
6600606263113
6632972525234
6939500582573
7054512219523
7224924554445
7260696465761
7587286271281
7684063909628
7815073888487
7940018526542
7978896573478
8098085906841
8111419155716
8129702183284
8314606222873
8334333124362
8413847456989
8487260448761
8583766523485
8590881827745
8602417481223
8673686397854
8782573599233
8835302951187
9220052551005
9266892845842
9360586892805
9770886736467